image: world_geotagged.tif
resolution: 0.01
origin: [-37.31000000, 00.000000, 0.000000]
negate: 0
occupied_thresh: 0.65
free_thresh: 0.3

